(01)   8839    17057   (21887)            (01)    8839 17057        (21887)                                             
(02)   9280    16442   (21887)            (02)    9280 16442        (21887)                                             
(03)  10445   (13533)*                    (03)   10445              (13533)
(04) ( 8414)* (21435)                     (03.1)                    (21435 - 13533)
(05)  17156   (21887)                     (04)                      ( 8414)
(06)  16305   (21887)                     (04.1)                    (21745 -  8414)
(07)  16802   (21887)                     (05)   17156              (21887)                                            
(08) ( 4881)* (21506)                     (06)   16305              (21887)                                            
(09)   7396     7541   (19590)* (21711)   (07)   16802              (21887)                                            
(10)  15821    19746   (19877)* (21804)   (08)                      ( 4881)
(11)  15813   (21886)                     (08.1)                    (21506 -  4881)                                         
(12)  15524   (21886)                     (09)   7396   7541        ( 1959)                                             
(13) (21440)* (21809)                     (09.1)                    (21711 - 19590)                                             
(14)  11664    17031   (21857)            (10)   15821 19746        (19877)                                          
(15) ( 7544)* (13583)*  15751   (20281)   (10.1)                    (21711 - 19590)                                             
(16)  18840   (21879)                     (11)   15813              (21886)                                             
(17) ( 2288)* ( 4787)*                    (12)   15524              (21886)                                               
(18)  10668   (16838)                     (13)                      (21440)
(19)  15550   (21887)                     (13.1)                    (21809 - 21440)                                             
(20) ( 1616)*  15657   (21620)            (14)   11664 17031        (21857)                                             
(21) (21888)                              (15)                      ( 7544)
(22) (21888)                              (15.1)                    (13583 - 7544)                                             
(23) (21888)                              (15.2) {15751 - 13583}    (20281) 
(24) (21888)                              (16)   18840              (21879)                                            
(25) (21888)                              (17)                      ( 2288)                                             
(26) (21888)                              (17.1)                    ( 4787 - 2288)                                             
(27) (21888)                              (17.2)                                              
(28) (21888)                              (18)   10668              (16838)                                            
(29) (21888)                              (19)   15550              (21887)
(30) (21888)                              (20)                      ( 1616)                                            
                                          (20.1) (15657 - 1616)     (21620 - 1616)                                             
                                          (21)                      (21888)                                             
                                          (22)                      (21888)                                             
                                          (23)                      (21888)                                             
                                          (24)                      (21888)                                             
                                          (25)                      (21888)                                             
                                          (26)                      (21888)                                             
                                          (27)                      (21888)                                             
                                          (28)                      (21888)                                             
                                          (29)                      (21888)                                             
                                          (30)                      (21888)