SMP	Time
1	4.74
1	20.23
1	22.21
1	26.02
1	35.09
1	37.34
1	58.04
1	59.71
1	67.67
1	72.89
1	74.16
1	85.683
1	94.59
1	112.38
1	124.13
1	124.84
1	129.14
1	135.98
1	141.93
1	146.52
1	163.07
1	201.48
1	215.1
1	239.87
1	244.75
1	244.97
1	260.63
1	268.35
1	292.9
1	300.76
1	380.19
2	5.21
2	14.49
2	42.31
2	54.52
2	59.09
2	66.09
2	74.99
2	119.27
2	127.47
2	146.48
2	172.77
2	190.21
2	203.52
2	223.37
2	252.64
2	265.52
2	284.06
2	312.68
2	322.67
2	333.7
2	348.48
2	411.39
2	434.76
3	2.99
3	36.72
3	47.54
3	87.11
3	94.82
3	116.97
3	128.36
3	129.4
3	139.33
3	145.92
3	146.83
3	172.27
3	198.52
3	233.19
3	240.46
3	249.28
3	258.04
3	268.39
3	286.56
3	365.35
3	373.33
3	380.91
3	381.11
4	42.26
4	45.46
4	55.27
4	80.06
4	87.56
4	111.32
4	144.79
4	164.18
4	214.58
4	243.81
4	260.25
4	283.78
4	317.26
4	322.27
4	338.86
4	346.07
4	356.86
4	397.68
4	422.27
4	425.41
4	440.49
5	9.48
5	67.27
5	76.12
5	90.91
5	105.43
5	147.54
5	173.73
5	175.84
5	179.46
5	185.45
5	195.94
5	200.14
5	207.4
5	208.35
5	208.54
5	241.41
5	340.28
5	359.49
5	360.95
5	383.89
5	390.13
5	396.31
5	423.98
6	2.92
6	15.12
6	21.37
6	37.946
6	50.1
6	50.82
6	57.63
6	58.12
6	87.22
6	90.7
6	100.21
6	104.66
6	127.41
6	156.67
6	157.65
6	169.65
6	211.26
6	213.83
6	239.47
6	244.72
6	253.85
6	256.67
6	261.12
6	273.67
6	281.09
6	285.91
6	288.59
6	302.28
6	306.79
6	307.83
6	326.1
6	373.31
6	435.77
7	17.71
7	37.58
7	41.11
7	102.74
7	107.18
7	107.95
7	109.81
7	110.64
7	116.22
7	163.64
7	193.91
7	231.12
7	234.5
7	256.82
7	274.48
7	276.68
7	281.12
7	287.11
7	297.6
7	298.25
7	299.85
7	306.84
7	314.7
7	317.1
7	326.65
7	356.16
7	376.71
7	407.81
7	414.18
7	450.93
8	2.31
8	5.33
8	5.55
8	23.25
8	24.81
8	24.99
8	35.43
8	71.04
8	86.81
8	89.35
8	102.83
8	103.07
8	119.92
8	139.11
8	156.55
8	157.97
8	187.32
8	270.21
8	296.37
8	316.14
8	348.45
8	355.55
8	360.17
8	374.29
8	391.85
8	408.31
8	413.17
8	445.63
9	14.04
9	16.76
9	18.92
9	25
9	27.91
9	54.41
9	63.05
9	101.81
9	151.78
9	160.52
9	165.67
9	176.95
9	192.48
9	230.24
9	231.88
9	248.37
9	254
9	255.23
9	257.66
9	275.18
9	275.24
9	303.78
9	434.53
9	442.76
10	6.33
10	7.51
10	23.24
10	26.07
10	32.82
10	35.14
10	39.69
10	57.55
10	69.03
10	72.9
10	84.5
10	87.87
10	96.38
10	101
10	213.18
10	213.32
10	251.67
10	287.73
10	376.82
10	423.34
11	5.07
11	22.55
11	63.93
11	92.42
11	98.19
11	123.51
11	132.63
11	133.14
11	139.87
11	171.51
11	190.23
11	205.25
11	245.36
11	280.36
11	285.87
11	311.83
11	315.17
11	325.4
11	362.05
11	365.85
11	381.39
11	386.24
11	389.76
11	393.3
11	417.56
11	428.36
11	430.87
11	440.46
12	3.47
12	14.16
12	15.91
12	31.63
12	55.77
12	62.6
12	83.49
12	101.45
12	122.86
12	158.42
12	166.82
12	172.6
12	219.55
12	231.88
12	249.27
12	255.38
12	264.73
12	271.39
12	282.75
12	310.56
12	311.98
12	313.81
12	328.48
12	331.01
12	340.3
12	418.31
12	427.03
12	432.79
12	451.31
13	12.46
13	14.59
13	14.89
13	23.88
13	28.15
13	37.28
13	44.56
13	102.92
13	152.57
13	163.76
13	171.65
13	250.9
13	280.22
13	296.61
13	319.93
13	324.62
13	326.32
13	366.95
13	372.64
13	390.26
13	394.24
13	394.64
13	445.71
14	0.39
14	4.96
14	12.92
14	22.91
14	25.58
14	31.11
14	41.56
14	48.02
14	69.3
14	74.77
14	87
14	119.82
14	123.04
14	127.75
14	135.46
14	141.75
14	145.28
14	163.28
14	163.97
14	172.67
14	194.2
14	211.92
14	231.63
14	234.31
14	283.38
14	310.9
14	326.992
14	367.59
14	416.13
15	16.08
15	24.63
15	25.87
15	36.24
15	52.79
15	65.81
15	78.15
15	81.19
15	82.27
15	95.89
15	120.91
15	136.7
15	140.67
15	173.57
15	185.39
15	203.04
15	208.16
15	238.6
15	264.6
15	297.6
15	302.32
15	320.78
15	341.65
15	418.53
16	3.15
16	4.78
16	7.45
16	7.74
16	25.81
16	32.4
16	83.79
16	129.46
16	140.23
16	166.38
16	211.81
16	214.92
16	221.02
16	221.61
16	222.67
16	225.72
16	246.59
16	281.5
16	295.78
16	298.47
16	302.15
16	309.2
16	319.26
16	333.64
16	342.92
16	346.7
16	380.06
16	388.85
16	399.2
17	0.7
17	6.03
17	7.24
17	13.54
17	18
17	36.71
17	43.81
17	55.61
17	57.56
17	77.43
17	88.48
17	91.01
17	91.15
17	100.47
17	116.43
17	126.77
17	130.034
17	132.454
17	135.24
17	139.03
17	164.19
17	170.65
17	183.29
17	186.68
17	203.86
17	206.31
17	206.84
17	212.804
17	267.21
17	280.24
17	295.8
17	302.04
17	305.36
17	324.7
17	330.95
17	343.83
17	389.55
17	400.68
17	410.89
17	433.36
17	442.24
18	5.87
18	17.83
18	18.15
18	30.07
18	58.6
18	110.28
18	126.17
18	143.21
18	154.5
18	160.66
18	170.05
18	176.12
18	178.27
18	208
18	210.87
18	214.22
18	228.17
18	247.6
18	258.09
18	264.14
18	264.54
18	284.73
18	307
18	332.03
18	335.8
18	360.85
18	365.85
18	384.79
18	392.5
18	403.93
18	404.38
18	431.86
18	445.38
19	7.88
19	32.46
19	37.01
19	72.83
19	109.83
19	112.61
19	119.8
19	174.97
19	180.84
19	181.22
19	186.42
19	211.01
19	213.84
19	254.9
19	258.63
19	288.4
19	295.22
19	307.53
19	311.7
19	312.37
19	325.7
19	334.29
19	337.09
19	366.18
19	377.39
19	405.69
19	445.68
20	3.43
20	21.43
20	31.06
20	46.66
20	62.18
20	70.53
20	74.61
20	82.96
20	83.62
20	137.7
20	172.44
20	213.21
20	269.85
20	334.47
20	368.24
20	400.74
20	448.52
21	4.8
21	7.45
21	9.82
21	10.63
21	12.12
21	24.23
21	28.04
21	36
21	38.45
21	43.85
21	89.26
21	114.62
21	130.88
21	132.69
21	137.06
21	146.3
21	153.91
21	167.51
21	199.37
21	199.49
21	200.9
21	214.02
21	214.6
21	224.19
21	244.96
21	250.35
21	272.87
21	284.55
21	324.05
21	378.26
21	397.1
21	402.24
22	24.22
22	25.49
22	31.24
22	61.98
22	84.32
22	87.34
22	122.86
22	140.59
22	185.39
22	189.66
22	224.16
22	246.84
22	338.9
22	344.35
22	369.57
22	381.26
22	394.7
22	403.89
22	424.43
23	14.61
23	24.4
23	45
23	58.31
23	73.57
23	106.29
23	194.06
23	215.43
23	221.15
23	230.38
23	263.93
23	265.72
23	298.25
23	303.26
23	344.48
23	365.01
23	376.42
23	380.24
23	434.89
24	0.1
24	3.72
24	27.91
24	30.03
24	34.59
24	37.76
24	48.28
24	75.48
24	83.02
24	83.64
24	89.8
24	111.75
24	112.89
24	122.19
24	133.97
24	145.4
24	207.39
24	263.17
24	276.59
24	307.37
24	333.2
24	336.08
24	369.71
24	390.81
25	6.68
25	14.12
25	19.22
25	20.93
25	26.03
25	32.6
25	35.41
25	37.8
25	59.37
25	60.69
25	89.44
25	91.75
25	95.43
25	104.09
25	108.96
25	112.88
25	118.78
25	119.29
25	167.34
25	184.54
25	198.7
25	200.95
25	235.06
25	249.52
25	254.19
25	277.33
25	310.21
25	348.91
25	349.79
25	351.21
25	399.84
25	431.59
25	446.07
25	448.45
26	1.01
26	2.41
26	15.58
26	16.27
26	24.68
26	41.27
26	43.96
26	46.69
26	54.43
26	71.69
26	71.98
26	82.8
26	98.32
26	119.42
26	135.33
26	163.09
26	166.02
26	178.62
26	185.04
26	203.25
26	205.56
26	237.75
26	243.09
26	305.73
26	341.17
26	346.88
26	352.93
26	358.92
26	378.8
26	390.15
26	404.6
26	411.75
26	419.16
26	422.22
26	437.56
26	444.36
26	445.2
27	4.08
27	18.52
27	23.22
27	36.52
27	54.49
27	84.4
27	90.44
27	105.16
27	154.22
27	173.99
27	178.13
27	207.8
27	210.3
27	211.41
27	244.14
27	255.32
27	257.74
27	265.89
27	268.74
27	271.35
27	280.2
27	302.76
27	355.92
27	359.47
27	370.24
27	371.32
27	391.32
27	419.83
27	424.6
28	1.09
28	23.28
28	29.31
28	34.06
28	70.2
28	81.51
28	84.48
28	103.78
28	114.67
28	161.57
28	201.24
28	244.7
28	252.16
28	315.38
28	349.36
28	358.17
28	364.85
28	374.97
28	430.41
28	432.36
28	449.44
29	9.47
29	10.99
29	77.32
29	83.53
29	96.42
29	97.49
29	142.79
29	165.45
29	179.13
29	195.31
29	196.67
29	205.24
29	222.18
29	243.44
29	247.05
29	252.24
29	281.95
29	293.6
29	310.4
29	335.2
29	430.02
29	453.96
30	19.56
30	27.34
30	33.87
30	60.21
30	60.66
30	71.31
30	123.22
30	138.68
30	145.64
30	152.48
30	163.88
30	208.29
30	244.21
30	316.24
30	327.91
30	361.54
30	392.95
30	409.86
30	414.46
30	416.83
30	422.1
30	435.33
30	436.37
30	447.43
31	3.86
31	3.95
31	8.38
31	10.01
31	15.83
31	21.05
31	38.44
31	56.93
31	60.93
31	68.7
31	92.21
31	93.23
31	143.64
31	156.27
31	189.08
31	211.22
31	214.72
31	232.72
31	234.53
31	247.44
31	281.64
31	302.46
31	368.82
31	373.13
31	389.31
31	433.16
32	10.18
32	14.98
32	43.82
32	58.23
32	65.66
32	68.26
32	72.06
32	91.74
32	102.63
32	126.19
32	143.71
32	169.95
32	180.48
32	234.46
32	242.24
32	267.69
32	286.16
32	299.25
32	301.67
32	316.69
32	335.71
32	379.36
32	384.61
32	428.16
32	432.78
33	0.83
33	23.45
33	30.19
33	35.96
33	54.6
33	63.37
33	80.97
33	114.49
33	131.13
33	207.48
33	245.51
33	289.81
33	339.13
33	357.8
33	364.81
33	419.67
34	1.99
34	4.52
34	13.66
34	16.61
34	25.15
34	26.46
34	29.01
34	40.52
34	40.93
34	47.37
34	66.49
34	81.76
34	108.95
34	142.63
34	187.67
34	197.68
34	204.68
34	251.43
34	287.77
34	290.99
34	333.57
34	399.2
34	402.03
34	412.32
34	430.59
34	436.84
34	442.42
35	2.91
35	15.07
35	17.04
35	24.81
35	38.56
35	67.47
35	72.17
35	100.91
35	155.78
35	156.71
35	238.59
35	244.13
35	267.37
35	277.54
35	294.7
35	300.23
35	305.4
35	312.98
35	323.06
35	375.52
35	388.411
35	396.05
36	1.87
36	3.96
36	7.81
36	12.78
36	19.28
36	27.08
36	32.64
36	41.23
36	67.6
36	71.06
36	71.42
36	82.88
36	96.46
36	152.69
36	199.12
36	243.67
36	248.64
36	253.94
36	263.35
36	264.97
36	278.58
36	279.46
36	335.86
36	382.17
36	414.88
36	421.7
36	436.04
36	438.7
37	7.63
37	8.35
37	29.85
37	97.91
37	223.65
37	259.71
37	300.88
37	307.31
37	353.61
37	407.32
37	444.93
38	0.16
38	5.26
38	11.01
38	25.961
38	33.88
38	46.37
38	76.2
38	79.8
38	88.94
38	96.32
38	114.08
38	184.72
38	206.83
38	222.5
38	247.79
39	40.43
39	1.34
39	9.39
39	23.38
39	32.36
39	38.44
39	53.15
39	74.301
39	93.48
39	101.95
39	116.27
39	118.86
39	126.89
39	133.28
39	135.64
39	139.69
39	166.89
39	197.56
39	207.67
39	215.89
39	217.44
39	237.65
39	276.59
39	338.95
39	363.96
39	401.752
39	405.97
39	452.58
40	2.25
40	5.06
40	21.65
40	26.52
40	44.52
40	79
40	97.32
40	111.98
40	131.35
40	188.1
40	209.57
40	217.3
40	254.68
40	310.35
40	320.9
40	326.93
40	332.91
40	374.47
40	396.85
40	401.51
40	415.36
40	418.95
40	420.13
40	447.88
41	4.61
41	13.53
41	15.43
41	19.28
41	20.09
41	30.42
41	41.18
41	51.01
41	52.93
41	82.89
41	98.87
41	106.41
41	154.46
41	157.11
41	163.23
41	166.06
41	233.07
41	242.28
41	303.52
41	340.23
41	380.67
41	382.28
41	394.17
41	408.6
41	442.35
41	456.1
42	7.88
42	14.63
42	29.11
42	31.13
42	47.18
42	50.77
42	57.64
42	90.29
42	101.85
42	121.98
42	123.02
42	169.67
42	192.55
42	220.77
42	232.55
42	287.42
42	300.4
42	306.34
42	306.72
42	355.14
42	403.39
42	449.62
43	4.78
43	10.71
43	28.92
43	35.77
43	39.97
43	41.47
43	59.71
43	64.34
43	67.01
43	74.47
43	107.91
43	174.62
43	182.04
43	189.98
43	223.53
43	224.57
43	270.58
43	280.91
43	316.45
43	321.99
43	361.63
43	429.61
43	441.27
44	11.53
44	34.18
44	48.81
44	66.12
44	92.63
44	106.22
44	135.86
44	144.09
44	173.37
44	196.6
44	199.46
44	205.31
44	221.45
44	228.07
44	233.43
44	251.18
44	271.68
44	274.24
44	284.63
44	320.86
44	353.8
44	367.24
44	386.66
44	397.75
44	404.77
44	422.52
44	425.94
44	444.8
45	0.01
45	9.62
45	46.58
45	59.46
45	64.51
45	81.31
45	109.5
45	145.06
45	172.69
45	200.09
45	282.49
45	327.92
45	352.72
45	357.66
45	396.49
45	421.8
45	446.03
46	60.69
46	83.15
46	102.36
46	142.44
46	148.28
46	153.07
46	251.35
46	253.7
46	255.91
46	264.82
46	279.42
46	302.01
46	324.5
46	333.98
46	354.27
46	356.36
46	382.19
46	414.86
46	451.51
47	0.41
47	2.9
47	14.57
47	21.76
47	36.44
47	64.96
47	74.75
47	86.59
47	158.88
47	178.28
47	180.82
47	194.04
47	198.24
47	255.3
47	290.43
47	361.85
47	362.61